image: hallway_rtab.pgm
resolution: 0.050000
origin: [-2.899236, -15.183413, 0.000000]
negate: 0
occupied_thresh: 0.65
free_thresh: 0.196

